68802443599
296022769723
529120576079
76078076777
480616032991
176155659587
947873523473
387074784751
809589029573
598093564169
238102333409
164461865189
539604726779
464062006657
674774634013
335768084011
43542721421
742573566139
946437590083
189977647973
109487160313
969651060803
77308555579
521818323277
881360033531
953951835449
502215835669
150856037201
998696358133
326120300057
918229898447
255469808497
907423822973
284989807147
375132077953
659671104997
708431345161
127564950109
938185177889
489838585813
187227741697
377110285169
22442231561
992888403103
67713898981
207757234183
6298346317
612341235019
505462879517
553277646401
737026920037
673191060203
75848080019
22965334939
182873167391
780338794057
439677694633
456780037817
297941569183
131647133369
601150028519
129237542009
146759597471
968980043573
220346730347
755456078477
995062312589
236183743573
120319535443
638868181823
938928675871
236312983061
679327900751
207160579151
455372788243
173695907971
67432104059
241282709279
768805461143
592284781019
414928891031
451821492917
757346844521
970180077649
78471170027
750762287567
770112161699
305679248041
167076548603
934413592921
881555783161
888475070683
84414734689
497842174363
820698394231
97653216743
421167197327
568284972193
542621728843
277911979769
801072289697
101955089833
527360563963
850096844039
623017374769
728898085957
687110232521
614809673741
